2 1 6E C 0 0 0 0 0 0 9 0 0 0 
4 1 4C 8 B5 19 0 0 0 0 E 0 0 0 
9 1 4D 8F 0 0 0 0 0 0 C 0 0 0 
6 1 90 6E B5 19 10 0 0 0 6D 79 5F 6D 65 6D 73 65 74 20 6C 65 6E 20 31 30 52 0 0 0 
A 1 AF 35 1 0 4 0 0 0 B4 1 0 0 14 0 0 0 
13 1 BB E2 B5 19 0 0 0 0 16 0 0 0 
6 1 FD 9B 1 0 11 0 0 0 6D 79 5F 6D 65 6D 73 65 74 20 6C 65 6E 20 31 30 30 53 0 0 0 
A 1 22 71 B6 19 4 0 0 0 EB 3 0 0 1A 0 0 0 
13 1 34 9 2 0 0 0 0 0 A 0 0 0 
6 1 22 D4 B6 19 12 0 0 0 6D 79 5F 6D 65 6D 73 65 74 20 6C 65 6E 20 31 30 30 30 56 0 0 0 
A 1 F8 B3 2 0 4 0 0 0 EF 1D 0 0 1A 0 0 0 
13 1 13 12 B8 19 0 0 0 0 10 0 0 0 
6 1 CB 23 3 0 12 0 0 0 6D 79 5F 6D 65 6D 73 65 74 20 6C 65 6E 20 35 30 30 30 53 0 0 0 
A 1 37 59 B9 19 4 0 0 0 78 94 0 0 1C 0 0 0 
13 1 23 99 3 0 0 0 0 0 D 0 0 0 
6 1 BD BD B9 19 11 0 0 0 6D 79 5F 6D 65 6D 6D 6F 76 65 20 6C 65 6E 20 31 30 5F 0 0 0 
A 1 A3 24 4 0 4 0 0 0 17 3 0 0 11 0 0 0 
13 1 1E 2B BA 19 0 0 0 0 14 0 0 0 
6 1 5B 8A 4 0 12 0 0 0 6D 79 5F 6D 65 6D 6D 6F 76 65 20 6C 65 6E 20 31 30 30 56 0 0 0 
A 1 14 BE BA 19 4 0 0 0 20 8 0 0 16 0 0 0 
13 1 6A F7 4 0 0 0 0 0 10 0 0 0 
6 1 AE 22 BB 19 13 0 0 0 6D 79 5F 6D 65 6D 6D 6F 76 65 20 6C 65 6E 20 31 30 30 30 60 0 0 0 
A 1 FF E6 5 0 4 0 0 0 92 3F 0 0 1C 0 0 0 
13 1 3B 55 BD 19 0 0 0 0 16 0 0 0 
6 1 10 68 6 0 13 0 0 0 6D 79 5F 6D 65 6D 6D 6F 76 65 20 6C 65 6E 20 35 30 30 30 57 0 0 0 
A 1 30 43 C0 19 4 0 0 0 15 55 1 0 16 0 0 0 
13 1 7E E3 6 0 0 0 0 0 11 0 0 0 
6 1 C5 A8 C0 19 15 0 0 0 73 74 64 6C 69 62 5F 6D 65 6D 6D 6F 76 65 20 6C 65 6E 20 31 30 65 0 0 0 
A 1 2B 89 7 0 4 0 0 0 B4 F 0 0 16 0 0 0 
13 1 BF 1A C1 19 0 0 0 0 14 0 0 0 
6 1 A7 6B 13 0 16 0 0 0 73 74 64 6C 69 62 5F 6D 65 6D 6D 6F 76 65 20 6C 65 6E 20 31 30 30 68 0 0 0 
A 1 E EF C1 19 4 0 0 0 19 2 0 0 18 0 0 0 
13 1 3D DB 13 0 0 0 0 0 12 0 0 0 
6 1 AC 55 C2 19 17 0 0 0 73 74 64 6C 69 62 5F 6D 65 6D 6D 6F 76 65 20 6C 65 6E 20 31 30 30 30 6C 0 0 0 
A 1 A4 98 14 0 4 0 0 0 E6 1 0 0 12 0 0 0 
13 1 B0 C6 C2 19 0 0 0 0 11 0 0 0 
6 1 F1 1 15 0 17 0 0 0 73 74 64 6C 69 62 5F 6D 65 6D 6D 6F 76 65 20 6C 65 6E 20 35 30 30 30 68 0 0 0 
A 1 70 B0 C4 19 4 0 0 0 86 3 0 0 15 0 0 0 
13 1 CC 7F 15 0 0 0 0 0 12 0 0 0 
6 1 2D 17 C5 19 14 0 0 0 73 74 64 6C 69 62 5F 6D 65 6D 73 65 74 20 6C 65 6E 20 31 30 60 0 0 0 
A 1 5C 5F 16 0 4 0 0 0 6 52 0 0 16 0 0 0 
13 1 E3 8E C5 19 0 0 0 0 14 0 0 0 
6 1 A6 C4 16 0 15 0 0 0 73 74 64 6C 69 62 5F 6D 65 6D 73 65 74 20 6C 65 6E 20 31 30 30 5E 0 0 0 
A 1 AF 1B C6 19 4 0 0 0 9F 1 0 0 1C 0 0 0 
13 1 B0 33 17 0 0 0 0 0 F 0 0 0 
6 1 C6 81 C6 19 16 0 0 0 73 74 64 6C 69 62 5F 6D 65 6D 73 65 74 20 6C 65 6E 20 31 30 30 30 63 0 0 0 
A 1 5F EB 17 0 4 0 0 0 4B 1 0 0 19 0 0 0 
13 1 C5 F4 C6 19 0 0 0 0 14 0 0 0 
6 1 DA 52 18 0 16 0 0 0 73 74 64 6C 69 62 5F 6D 65 6D 73 65 74 20 6C 65 6E 20 35 30 30 30 61 0 0 0 
A 1 F6 8A C7 19 4 0 0 0 A5 2 0 0 1A 0 0 0 
13 1 E6 67 19 0 0 0 0 0 11 0 0 0 
B 1 44 F2 C7 19 0 0 0 0 13 0 0 0 

